0.000000 0.000000 1.000000 
0.000000 0.124720 0.875280 
0.000000 0.230728 0.769272 
0.000000 0.322165 0.677835 
0.000000 0.401934 0.598066 
0.000000 0.472158 0.527842 
0.000000 0.534439 0.465561 
0.000000 0.590028 0.409972 
0.000000 0.639920 0.360080 
0.000000 0.684930 0.315070 
0.000000 0.725734 0.274266 
0.000000 0.762908 0.237092 
0.000000 0.796946 0.203054 
0.000000 0.828282 0.171718 
0.000000 0.857300 0.142700 
0.000000 0.884344 0.115656 
0.000000 0.909726 0.090274 
0.000000 0.933732 0.066268 
0.000000 0.956622 0.043378 
0.000000 0.978637 0.021363 
0.124720 0.000000 0.875280 
0.124720 0.109165 0.766115 
0.124720 0.201952 0.673328 
0.124720 0.281984 0.593295 
0.124720 0.351805 0.523475 
0.124720 0.413270 0.462010 
0.124720 0.467784 0.407496 
0.124720 0.516440 0.358840 
0.124720 0.560109 0.315170 
0.124720 0.599505 0.275774 
0.124720 0.635221 0.240059 
0.124720 0.667758 0.207522 
0.124720 0.697551 0.177729 
0.124720 0.724978 0.150301 
0.124720 0.750377 0.124903 
0.124720 0.774048 0.101232 
0.124720 0.796265 0.079015 
0.124720 0.817277 0.058003 
0.124720 0.837312 0.037968 
0.124720 0.856581 0.018699 
0.230728 0.000000 0.769272 
0.230728 0.095944 0.673328 
0.230728 0.177493 0.591780 
0.230728 0.247832 0.521440 
0.230728 0.309197 0.460075 
0.230728 0.363218 0.406054 
0.230728 0.411129 0.358143 
0.230728 0.453892 0.315380 
0.230728 0.492273 0.276999 
0.230728 0.526897 0.242375 
0.230728 0.558287 0.210985 
0.230728 0.586884 0.182388 
0.230728 0.613068 0.156204 
0.230728 0.637174 0.132098 
0.230728 0.659497 0.109775 
0.230728 0.680301 0.088971 
0.230728 0.699827 0.069445 
0.230728 0.718294 0.050978 
0.230728 0.735902 0.033370 
0.230728 0.752838 0.016434 
0.322165 0.000000 0.677835 
0.322165 0.084540 0.593295 
0.322165 0.156396 0.521440 
0.322165 0.218375 0.459461 
0.322165 0.272445 0.405390 
0.322165 0.320045 0.357790 
0.322165 0.362262 0.315573 
0.322165 0.399942 0.277894 
0.322165 0.433761 0.244075 
0.322165 0.464270 0.213566 
0.322165 0.491928 0.185907 
0.322165 0.517126 0.160709 
0.322165 0.540198 0.137637 
0.322165 0.561439 0.116397 
0.322165 0.581108 0.096727 
0.322165 0.599439 0.078396 
0.322165 0.616644 0.061191 
0.322165 0.632916 0.044919 
0.322165 0.648432 0.029403 
0.322165 0.663355 0.014481 
0.401934 0.000000 0.598066 
0.401934 0.074591 0.523475 
0.401934 0.137991 0.460075 
0.401934 0.192676 0.405390 
0.401934 0.240383 0.357683 
0.401934 0.282381 0.315685 
0.401934 0.319630 0.278436 
0.401934 0.352876 0.245190 
0.401934 0.382714 0.215351 
0.401934 0.409633 0.188433 
0.401934 0.434037 0.164029 
0.401934 0.456269 0.141797 
0.401934 0.476626 0.121440 
0.401934 0.495367 0.102699 
0.401934 0.512722 0.085344 
0.401934 0.528896 0.069170 
0.401934 0.544076 0.053990 
0.401934 0.558433 0.039633 
0.401934 0.572123 0.025943 
0.401934 0.585289 0.012777 
0.472158 0.000000 0.527842 
0.472158 0.065833 0.462010 
0.472158 0.121788 0.406054 
0.472158 0.170052 0.357790 
0.472158 0.212158 0.315685 
0.472158 0.249225 0.278618 
0.472158 0.282100 0.245743 
0.472158 0.311442 0.216401 
0.472158 0.337777 0.190065 
0.472158 0.361535 0.166307 
0.472158 0.383073 0.144769 
0.472158 0.402695 0.125147 
0.472158 0.420662 0.107181 
0.472158 0.437202 0.090640 
0.472158 0.452519 0.075323 
0.472158 0.466794 0.061048 
0.472158 0.480192 0.047650 
0.472158 0.492863 0.034979 
0.472158 0.504946 0.022897 
0.472158 0.516566 0.011276 
0.534439 0.000000 0.465561 
0.534439 0.058065 0.407496 
0.534439 0.107418 0.358143 
0.534439 0.149987 0.315573 
0.534439 0.187125 0.278436 
0.534439 0.219818 0.245743 
0.534439 0.248814 0.216747 
0.534439 0.274694 0.190867 
0.534439 0.297922 0.167639 
0.534439 0.318876 0.146684 
0.534439 0.337873 0.127687 
0.534439 0.355180 0.110381 
0.534439 0.371027 0.094534 
0.534439 0.385615 0.079945 
0.534439 0.399125 0.066436 
0.534439 0.411716 0.053845 
0.534439 0.423533 0.042028 
0.534439 0.434709 0.030852 
0.534439 0.445365 0.020195 
0.534439 0.455615 0.009946 
0.590028 0.000000 0.409972 
0.590028 0.051132 0.358840 
0.590028 0.094592 0.315380 
0.590028 0.132079 0.277894 
0.590028 0.164782 0.245190 
0.590028 0.193571 0.216401 
0.590028 0.219105 0.190867 
0.590028 0.241895 0.168077 
0.590028 0.262349 0.147623 
0.590028 0.280802 0.129170 
0.590028 0.297531 0.112441 
0.590028 0.312771 0.097201 
0.590028 0.326726 0.083246 
0.590028 0.339572 0.070400 
0.590028 0.351469 0.058503 
0.590028 0.362556 0.047416 
0.590028 0.372962 0.037010 
0.590028 0.382804 0.027168 
0.590028 0.392188 0.017784 
0.590028 0.401214 0.008758 
0.639920 0.000000 0.360080 
0.639920 0.044909 0.315170 
0.639920 0.083080 0.276999 
0.639920 0.116005 0.244075 
0.639920 0.144728 0.215351 
0.639920 0.170014 0.190065 
0.639920 0.192441 0.167639 
0.639920 0.212457 0.147623 
0.639920 0.230422 0.129657 
0.639920 0.246629 0.113450 
0.639920 0.261322 0.098758 
0.639920 0.274708 0.085372 
0.639920 0.286964 0.073116 
0.639920 0.298247 0.061832 
0.639920 0.308696 0.051384 
0.639920 0.318434 0.041645 
0.639920 0.327574 0.032506 
0.639920 0.336218 0.023862 
0.639920 0.344460 0.015620 
0.639920 0.352387 0.007692 
0.684930 0.000000 0.315070 
0.684930 0.039296 0.275774 
0.684930 0.072695 0.242375 
0.684930 0.101504 0.213566 
0.684930 0.126637 0.188433 
0.684930 0.148763 0.166307 
0.684930 0.168386 0.146684 
0.684930 0.185900 0.129170 
0.684930 0.201620 0.113450 
0.684930 0.215801 0.099269 
0.684930 0.228657 0.086413 
0.684930 0.240369 0.074701 
0.684930 0.251094 0.063976 
0.684930 0.260967 0.054103 
0.684930 0.270109 0.044961 
0.684930 0.278630 0.036440 
0.684930 0.286628 0.028443 
0.684930 0.294191 0.020879 
0.684930 0.301403 0.013667 
0.684930 0.308339 0.006731 
0.725734 0.000000 0.274266 
0.725734 0.034206 0.240059 
0.725734 0.063281 0.210985 
0.725734 0.088359 0.185907 
0.725734 0.110237 0.164029 
0.725734 0.129497 0.144769 
0.725734 0.146578 0.127687 
0.725734 0.161824 0.112441 
0.725734 0.175508 0.098758 
0.725734 0.187853 0.086413 
0.725734 0.199044 0.075222 
0.725734 0.209239 0.065026 
0.725734 0.218575 0.055691 
0.725734 0.227169 0.047096 
0.725734 0.235128 0.039138 
0.725734 0.242545 0.031721 
0.725734 0.249507 0.024759 
0.725734 0.256091 0.018175 
0.725734 0.262369 0.011897 
0.725734 0.268407 0.005859 
0.762908 0.000000 0.237092 
0.762908 0.029570 0.207522 
0.762908 0.054704 0.182388 
0.762908 0.076383 0.160709 
0.762908 0.095295 0.141797 
0.762908 0.111945 0.125147 
0.762908 0.126711 0.110381 
0.762908 0.139891 0.097201 
0.762908 0.151720 0.085372 
0.762908 0.162392 0.074701 
0.762908 0.172066 0.065026 
0.762908 0.180879 0.056213 
0.762908 0.188950 0.048143 
0.762908 0.196379 0.040713 
0.762908 0.203259 0.033833 
0.762908 0.209671 0.027421 
0.762908 0.215689 0.021403 
0.762908 0.221380 0.015712 
0.762908 0.226807 0.010285 
0.762908 0.232027 0.005065 
0.796946 0.000000 0.203054 
0.796946 0.025325 0.177729 
0.796946 0.046850 0.156204 
0.796946 0.065417 0.137637 
0.796946 0.081614 0.121440 
0.796946 0.095874 0.107181 
0.796946 0.108520 0.094534 
0.796946 0.119808 0.083246 
0.796946 0.129938 0.073116 
0.796946 0.139078 0.063976 
0.796946 0.147363 0.055691 
0.796946 0.154912 0.048143 
0.796946 0.161823 0.041231 
0.796946 0.168186 0.034868 
0.796946 0.174078 0.028976 
0.796946 0.179570 0.023484 
0.796946 0.184724 0.018330 
0.796946 0.189598 0.013456 
0.796946 0.194246 0.008808 
0.796946 0.198716 0.004338 
0.828282 0.000000 0.171718 
0.828282 0.021417 0.150301 
0.828282 0.039620 0.132098 
0.828282 0.055322 0.116397 
0.828282 0.069019 0.102699 
0.828282 0.081078 0.090640 
0.828282 0.091773 0.079945 
0.828282 0.101319 0.070400 
0.828282 0.109886 0.061832 
0.828282 0.117615 0.054103 
0.828282 0.124622 0.047096 
0.828282 0.131005 0.040713 
0.828282 0.136850 0.034868 
0.828282 0.142231 0.029487 
0.828282 0.147214 0.024504 
0.828282 0.151858 0.019860 
0.828282 0.156217 0.015502 
0.828282 0.160339 0.011379 
0.828282 0.164269 0.007449 
0.828282 0.168050 0.003668 
0.857300 0.000000 0.142700 
0.857300 0.017798 0.124903 
0.857300 0.032925 0.109775 
0.857300 0.045973 0.096727 
0.857300 0.057356 0.085344 
0.857300 0.067377 0.075323 
0.857300 0.076265 0.066436 
0.857300 0.084197 0.058503 
0.857300 0.091317 0.051384 
0.857300 0.097740 0.044961 
0.857300 0.103563 0.039138 
0.857300 0.108867 0.033833 
0.857300 0.113725 0.028976 
0.857300 0.118196 0.024504 
0.857300 0.122337 0.020363 
0.857300 0.126196 0.016504 
0.857300 0.129818 0.012882 
0.857300 0.133244 0.009457 
0.857300 0.136510 0.006190 
0.857300 0.139652 0.003049 
0.884344 0.000000 0.115656 
0.884344 0.014425 0.101232 
0.884344 0.026685 0.088971 
0.884344 0.037260 0.078396 
0.884344 0.046486 0.069170 
0.884344 0.054608 0.061048 
0.884344 0.061811 0.053845 
0.884344 0.068240 0.047416 
0.884344 0.074011 0.041645 
0.884344 0.079216 0.036440 
0.884344 0.083936 0.031721 
0.884344 0.088235 0.027421 
0.884344 0.092172 0.023484 
0.884344 0.095796 0.019860 
0.884344 0.099152 0.016504 
0.884344 0.102280 0.013376 
0.884344 0.105216 0.010441 
0.884344 0.107992 0.007664 
0.884344 0.110639 0.005017 
0.884344 0.113185 0.002471 
0.909726 0.000000 0.090274 
0.909726 0.011259 0.079015 
0.909726 0.020829 0.069445 
0.909726 0.029083 0.061191 
0.909726 0.036284 0.053990 
0.909726 0.042623 0.047650 
0.909726 0.048246 0.042028 
0.909726 0.053264 0.037010 
0.909726 0.057768 0.032506 
0.909726 0.061831 0.028443 
0.909726 0.065515 0.024759 
0.909726 0.068871 0.021403 
0.909726 0.071943 0.018330 
0.909726 0.074772 0.015502 
0.909726 0.077392 0.012882 
0.909726 0.079833 0.010441 
0.909726 0.082124 0.008149 
0.909726 0.084291 0.005982 
0.909726 0.086358 0.003916 
0.909726 0.088345 0.001929 
0.933732 0.000000 0.066268 
0.933732 0.008265 0.058003 
0.933732 0.015290 0.050978 
0.933732 0.021349 0.044919 
0.933732 0.026635 0.039633 
0.933732 0.031289 0.034979 
0.933732 0.035416 0.030852 
0.933732 0.039100 0.027168 
0.933732 0.042406 0.023862 
0.933732 0.045389 0.020879 
0.933732 0.048093 0.018175 
0.933732 0.050557 0.015712 
0.933732 0.052812 0.013456 
0.933732 0.054889 0.011379 
0.933732 0.056812 0.009457 
0.933732 0.058604 0.007664 
0.933732 0.060286 0.005982 
0.933732 0.061877 0.004391 
0.933732 0.063394 0.002875 
0.933732 0.064853 0.001416 
0.956622 0.000000 0.043378 
0.956622 0.005410 0.037968 
0.956622 0.010009 0.033370 
0.956622 0.013975 0.029403 
0.956622 0.017435 0.025943 
0.956622 0.020481 0.022897 
0.956622 0.023183 0.020195 
0.956622 0.025594 0.017784 
0.956622 0.027759 0.015620 
0.956622 0.029711 0.013667 
0.956622 0.031481 0.011897 
0.956622 0.033094 0.010285 
0.956622 0.034570 0.008808 
0.956622 0.035930 0.007449 
0.956622 0.037188 0.006190 
0.956622 0.038361 0.005017 
0.956622 0.039462 0.003916 
0.956622 0.040504 0.002875 
0.956622 0.041497 0.001882 
0.956622 0.042452 0.000927 
0.978637 0.000000 0.021363 
0.978637 0.002664 0.018699 
0.978637 0.004929 0.016434 
0.978637 0.006882 0.014481 
0.978637 0.008587 0.012777 
0.978637 0.010087 0.011276 
0.978637 0.011417 0.009946 
0.978637 0.012605 0.008758 
0.978637 0.013671 0.007692 
0.978637 0.014632 0.006731 
0.978637 0.015504 0.005859 
0.978637 0.016298 0.005065 
0.978637 0.017025 0.004338 
0.978637 0.017695 0.003668 
0.978637 0.018315 0.003049 
0.978637 0.018892 0.002471 
0.978637 0.019435 0.001929 
0.978637 0.019947 0.001416 
0.978637 0.020436 0.000927 
0.978637 0.020907 0.000456 
1.000000 0.000000 0.000000 